0 Hose Flexible 12L Top  1 x  1 x  2/3 with Stud
0 Name: 757.dat
0 Author: Steve Bliss [sbliss]
0 !LDRAW_ORG Part UPDATE 2004-01
0 !LICENSE Redistributable under CCAL version 2.0 : see CAreadme.txt

0 BFC CERTIFY CCW
0 !KEYWORDS gizmo, hose, flexible, minifig, space, tube, end, tabs, cap
0 !KEYWORDS Star Wars, Studio, Life on Mars

0 !HISTORY 2004-03-02 [PTadmin] Official Update 2004-01
0 !HISTORY 2007-12-30 [PTadmin] Header formatted for Contributor Agreement
0 !HISTORY 2008-07-01 [PTadmin] Official Update 2008-01

0 // Note: One or more STUD references in this file have been purposely
0 // capitalized to ensure that the stud is fully visible in LEdit.

1 16 0 0 0 1 0 0 0 1 0 0 0 1 STUD2A.DAT
1 16 0 0 0 6 0 0 0 1 0 0 0 6 4-4edge.dat
1 16 0 0 0 10 0 0 0 1 0 0 0 10 4-4edge.dat
1 16 0 3 0 10 0 0 0 1 0 0 0 10 4-4edge.dat
1 16 0 3 0 8 0 0 0 1 0 0 0 8 4-4edge.dat
0 BFC INVERTNEXT
1 16 0 0 0 4 0 0 0 16 0 0 0 4 4-4cyli.dat
1 16 0 0 0 10 0 0 0 3 0 0 0 10 4-4cyli.dat
1 16 0 3 0 8 0 0 0 6 0 0 0 8 4-4cyli.dat
1 16 0 0 0 2 0 0 0 1 0 0 0 2 ring3.dat
1 16 0 0 0 2 0 0 0 1 0 0 0 2 ring4.dat
1 16 0 3 0 -2 0 0 0 -1 0 0 0 2 ring4.dat
1 16 0 16 0 2 0 0 0 -1 0 0 0 2 ring2.dat
1 16 0 9 0 2 0 0 0 7 0 0 0 2 4-4con3.dat
1 16 0 16 0 4 0 0 0 1 0 0 0 4 4-4edge.dat

4 16 -2 9 7.6 0 9 8 0 16 8 -2 16 7.6
4 16 0 9 8 2 9 7.6 2 16 7.6 0 16 8
4 16 0 16 5 -2 16 5.6 -2 16 7.6 0 16 8
4 16 2 16 5.6 0 16 5 0 16 8 2 16 7.6
3 16 -2 9 7.6 -2 16 7.6 -2 16 5.6
3 16 2 16 5.6 2 16 7.6 2 9 7.6
2 24 -2 9 7.6 -2 16 7.6
2 24 -2 16 7.6 -2 16 5.6
2 24 -2 16 5.6 -2 9 7.6
2 24 2 9 7.6 2 16 7.6
2 24 2 16 7.6 2 16 5.6
2 24 2 16 5.6 2 9 7.6
2 24 -2 16 7.6 0 16 8
2 24 0 16 8 2 16 7.6
2 24 -7.6 9 2 -7.391 9 3.062
2 24 -7.391 9 3.062 -5.657 9 5.657
2 24 -5.657 9 5.657 -3.062 9 7.391
2 24 -3.062 9 7.391 -2 9 7.6
2 24 -5.6 16 2 -5.543 16 2.296
2 24 -5.543 16 2.296 -4.243 16 4.243
2 24 -4.243 16 4.243 -2.296 16 5.543
2 24 -2.296 16 5.543 -2 16 5.6
4 16 -7.6 9 -2 -8 9 0 -8 16 0 -7.6 16 -2
4 16 -8 9 0 -7.6 9 2 -7.6 16 2 -8 16 0
4 16 -5 16 0 -5.6 16 -2 -7.6 16 -2 -8 16 0
4 16 -5.6 16 2 -5 16 0 -8 16 0 -7.6 16 2
3 16 -7.6 9 -2 -7.6 16 -2 -5.6 16 -2
3 16 -5.6 16 2 -7.6 16 2 -7.6 9 2
2 24 -7.6 9 -2 -7.6 16 -2
2 24 -7.6 16 -2 -5.6 16 -2
2 24 -5.6 16 -2 -7.6 9 -2
2 24 -7.6 9 2 -7.6 16 2
2 24 -7.6 16 2 -5.6 16 2
2 24 -5.6 16 2 -7.6 9 2
2 24 -7.6 16 -2 -8 16 0
2 24 -8 16 0 -7.6 16 2
2 24 -2 9 -7.6 -3.062 9 -7.391
2 24 -3.062 9 -7.391 -5.657 9 -5.657
2 24 -5.657 9 -5.657 -7.391 9 -3.062
2 24 -7.391 9 -3.062 -7.6 9 -2
2 24 -2 16 -5.6 -2.296 16 -5.543
2 24 -2.296 16 -5.543 -4.243 16 -4.243
2 24 -4.243 16 -4.243 -5.543 16 -2.296
2 24 -5.543 16 -2.296 -5.6 16 -2
4 16 2 9 -7.6 0 9 -8 0 16 -8 2 16 -7.6
4 16 0 9 -8 -2 9 -7.6 -2 16 -7.6 0 16 -8
4 16 0 16 -5 2 16 -5.6 2 16 -7.6 0 16 -8
4 16 -2 16 -5.6 0 16 -5 0 16 -8 -2 16 -7.6
3 16 2 9 -7.6 2 16 -7.6 2 16 -5.6
3 16 -2 16 -5.6 -2 16 -7.6 -2 9 -7.6
2 24 2 9 -7.6 2 16 -7.6
2 24 2 16 -7.6 2 16 -5.6
2 24 2 16 -5.6 2 9 -7.6
2 24 -2 9 -7.6 -2 16 -7.6
2 24 -2 16 -7.6 -2 16 -5.6
2 24 -2 16 -5.6 -2 9 -7.6
2 24 2 16 -7.6 0 16 -8
2 24 0 16 -8 -2 16 -7.6
2 24 7.6 9 -2 7.391 9 -3.062
2 24 7.391 9 -3.062 5.657 9 -5.657
2 24 5.657 9 -5.657 3.062 9 -7.391
2 24 3.062 9 -7.391 2 9 -7.6
2 24 5.6 16 -2 5.543 16 -2.296
2 24 5.543 16 -2.296 4.243 16 -4.243
2 24 4.243 16 -4.243 2.296 16 -5.543
2 24 2.296 16 -5.543 2 16 -5.6
4 16 7.6 9 2 8 9 0 8 16 0 7.6 16 2
4 16 8 9 0 7.6 9 -2 7.6 16 -2 8 16 0
4 16 5 16 0 5.6 16 2 7.6 16 2 8 16 0
4 16 5.6 16 -2 5 16 0 8 16 0 7.6 16 -2
3 16 7.6 9 2 7.6 16 2 5.6 16 2
3 16 5.6 16 -2 7.6 16 -2 7.6 9 -2
2 24 7.6 9 2 7.6 16 2
2 24 7.6 16 2 5.6 16 2
2 24 5.6 16 2 7.6 9 2
2 24 7.6 9 -2 7.6 16 -2
2 24 7.6 16 -2 5.6 16 -2
2 24 5.6 16 -2 7.6 9 -2
2 24 7.6 16 2 8 16 0
2 24 8 16 0 7.6 16 -2
2 24 2 9 7.6 3.062 9 7.391
2 24 3.062 9 7.391 5.657 9 5.657
2 24 5.657 9 5.657 7.391 9 3.062
2 24 7.391 9 3.062 7.6 9 2
2 24 2 16 5.6 2.296 16 5.543
2 24 2.296 16 5.543 4.243 16 4.243
2 24 4.243 16 4.243 5.543 16 2.296
2 24 5.543 16 2.296 5.6 16 2

5 24 -8 16 0 -8 9 0 -7.6 16 -2 -7.6 16 2
5 24 0 16 8 0 9 8 -2 16 7.6 2 16 7.6
5 24 8 16 0 8 9 0 7.6 16 2 7.6 16 -2
5 24 0 16 -8 0 9 -8 2 16 -7.6 -2 16 -7.6
0
