0 LSynth Constraint Part - Type 5 - "NXT Cable"
0 Name: LS05.dat
0 Author: Willy Tschager [Holly-Wood]
0 !LDRAW_ORG Unofficial_Part
0 !LICENSE Redistributable under CCAL version 2.0 : see CAreadme.txt

0 BFC CERTIFY CW

0 !KEYWORDS LSynth, RCX, ELECTRIC, CABLE, NXT, FIBER, OPTIC, FLEX, SYSTEM, FLEXIBLE, AXLE, MINIFIG,
0 !KEYWORDS PNEUMATIC, RIBBED, RUBBER, STRING, CHAIN, BAND, BELT, PLASTIC, TREAD, INSIDE, OUTSIDE,
0 !KEYWORDS CROSS, SHOW, HIDE, Synthesis

0 !HISTORY 2008-03-17 [Holly-Wood] Initial version

1 16 0 0 0 9.023 0 1.794 0 1 0 -0.39 0 1.962 48\1-4edge.dat
1 16 0 0 0 1.794 0 -9.023 0 1 0 1.962 0 0.39 48\1-4edge.dat
2 24 -9.023 0 0.39 -9.18 0 0.131
2 24 -9.18 0 0.131 -9.18 0 -0.131
2 24 -9.18 0 -0.131 -9.023 0 -0.391
2 24 -9.023 0 -0.391 -8.711 0 -0.643
2 24 -8.711 0 -0.643 -8.251 0 -0.885
2 24 -8.251 0 -0.885 -7.649 0 -1.112
2 24 -7.649 0 -1.112 -6.917 0 -1.319
2 24 -6.917 0 -1.319 -6.065 0 -1.504
2 24 -6.065 0 -1.504 -5.111 0 -1.663
2 24 -5.111 0 -1.663 -4.068 0 -1.794
2 24 -4.068 0 -1.794 -2.956 0 -1.894
2 24 -2.956 0 -1.894 -1.794 0 -1.962
2 24 -1.794 0 -1.962 -1 0 -1.985
2 24 -1 0 -1.985 -1 0 -2.8
2 24 -1 0 -2.8 1 0 -2.8
2 24 1 0 -1.985 1 0 -2.8
2 24 1 0 -1.985 1.796 0 -1.962
2 24 1.796 0 -1.962 2.958 0 -1.894
2 24 2.958 0 -1.894 4.07 0 -1.794
2 24 4.07 0 -1.794 5.112 0 -1.663
2 24 5.112 0 -1.663 6.067 0 -1.504
2 24 6.067 0 -1.504 6.917 0 -1.319
2 24 6.917 0 -1.319 7.65 0 -1.111
2 24 7.65 0 -1.111 8.251 0 -0.884
2 24 8.251 0 -0.884 8.711 0 -0.643
2 24 8.711 0 -0.643 9.023 0 -0.39
2 24 -1 0 -1.985 0 -20 0
2 24 -1 0 -2.8 0 -20 -2.8
2 24 1 0 -2.8 0 -20 -2.8
2 24 1 0 -1.985 0 -20 0
2 24 0 -20 0 0 -20 -2.8
1 16 0 0 0 9.023 0 1.795 0 -1 0 -0.39 0 1.962 48\4-4disc.dat
4 16 1 0 -1.985 -1 0 -1.985 -1 0 -2.8 1 0 -2.8
0 Original Line: 1 16 0 0 0 -9.023 0 1.795 0 -20 0 0.39 0 1.962 48\4-4con0.dat
3 16 -9.023 0 0.39 -8.711 0 0.643 0 -20 0
3 16 -8.711 0 0.643 -8.251 0 0.884 0 -20 0
3 16 -8.251 0 0.884 -7.649 0 1.111 0 -20 0
3 16 -7.649 0 1.111 -6.916 0 1.319 0 -20 0
3 16 -6.916 0 1.319 -6.066 0 1.504 0 -20 0
3 16 -6.066 0 1.504 -5.111 0 1.663 0 -20 0
3 16 -5.111 0 1.663 -4.069 0 1.794 0 -20 0
3 16 -4.069 0 1.794 -2.957 0 1.894 0 -20 0
3 16 -2.957 0 1.894 -1.795 0 1.962 0 -20 0
3 16 -1.795 0 1.962 -0.601 0 1.996 0 -20 0
3 16 -0.601 0 1.996 0.602 0 1.996 0 -20 0
3 16 0.602 0 1.996 1.795 0 1.962 0 -20 0
3 16 1.795 0 1.962 2.957 0 1.894 0 -20 0
3 16 2.957 0 1.894 4.069 0 1.794 0 -20 0
3 16 4.069 0 1.794 5.112 0 1.663 0 -20 0
3 16 5.112 0 1.663 6.066 0 1.504 0 -20 0
3 16 6.066 0 1.504 6.917 0 1.319 0 -20 0
3 16 6.917 0 1.319 7.649 0 1.112 0 -20 0
3 16 7.649 0 1.112 8.252 0 0.885 0 -20 0
3 16 8.252 0 0.885 8.711 0 0.643 0 -20 0
3 16 8.711 0 0.643 9.023 0 0.391 0 -20 0
3 16 9.023 0 0.391 9.18 0 0.131 0 -20 0
3 16 9.18 0 0.131 9.18 0 -0.131 0 -20 0
3 16 9.18 0 -0.131 9.023 0 -0.39 0 -20 0
3 16 9.023 0 -0.39 8.711 0 -0.643 0 -20 0
3 16 8.711 0 -0.643 8.251 0 -0.884 0 -20 0
3 16 8.251 0 -0.884 7.649 0 -1.111 0 -20 0
3 16 7.649 0 -1.111 6.916 0 -1.319 0 -20 0
3 16 6.916 0 -1.319 6.066 0 -1.504 0 -20 0
3 16 6.066 0 -1.504 5.111 0 -1.663 0 -20 0
3 16 5.111 0 -1.663 4.069 0 -1.794 0 -20 0
3 16 4.069 0 -1.794 2.957 0 -1.894 0 -20 0
3 16 2.957 0 -1.894 1.795 0 -1.962 0 -20 0
3 16 1.795 0 -1.962 0.601 0 -1.996 0 -20 0
3 16 0.601 0 -1.996 -0.602 0 -1.996 0 -20 0
3 16 -0.602 0 -1.996 -1.795 0 -1.962 0 -20 0
3 16 -1.795 0 -1.962 -2.957 0 -1.894 0 -20 0
3 16 -2.957 0 -1.894 -4.069 0 -1.794 0 -20 0
3 16 -4.069 0 -1.794 -5.112 0 -1.663 0 -20 0
3 16 -5.112 0 -1.663 -6.066 0 -1.504 0 -20 0
3 16 -6.066 0 -1.504 -6.917 0 -1.319 0 -20 0
3 16 -6.917 0 -1.319 -7.649 0 -1.112 0 -20 0
3 16 -7.649 0 -1.112 -8.252 0 -0.885 0 -20 0
3 16 -8.252 0 -0.885 -8.711 0 -0.643 0 -20 0
3 16 -8.711 0 -0.643 -9.023 0 -0.391 0 -20 0
3 16 -9.023 0 -0.391 -9.18 0 -0.131 0 -20 0
3 16 -9.18 0 -0.131 -9.18 0 0.131 0 -20 0
3 16 -9.18 0 0.131 -9.023 0 0.39 0 -20 0
5 24 0 -20 0 -9.023 0 0.39 -9.18 0 0.131 -8.711 0 0.643
5 24 0 -20 0 -8.711 0 0.643 -9.023 0 0.39 -8.251 0 0.884
5 24 0 -20 0 -8.251 0 0.884 -8.711 0 0.643 -7.649 0 1.111
5 24 0 -20 0 -7.649 0 1.111 -8.251 0 0.884 -6.916 0 1.319
5 24 0 -20 0 -6.916 0 1.319 -7.649 0 1.111 -6.066 0 1.504
5 24 0 -20 0 -6.066 0 1.504 -6.916 0 1.319 -5.111 0 1.663
5 24 0 -20 0 -5.111 0 1.663 -6.066 0 1.504 -4.069 0 1.794
5 24 0 -20 0 -4.069 0 1.794 -5.111 0 1.663 -2.957 0 1.894
5 24 0 -20 0 -2.957 0 1.894 -4.069 0 1.794 -1.795 0 1.962
5 24 0 -20 0 -1.795 0 1.962 -2.957 0 1.894 -0.601 0 1.996
5 24 0 -20 0 -0.601 0 1.996 -1.795 0 1.962 0.602 0 1.996
5 24 0 -20 0 0.602 0 1.996 -0.601 0 1.996 1.795 0 1.962
5 24 0 -20 0 1.795 0 1.962 0.602 0 1.996 2.957 0 1.894
5 24 0 -20 0 2.957 0 1.894 1.795 0 1.962 4.069 0 1.794
5 24 0 -20 0 4.069 0 1.794 2.957 0 1.894 5.112 0 1.663
5 24 0 -20 0 5.112 0 1.663 4.069 0 1.794 6.066 0 1.504
5 24 0 -20 0 6.066 0 1.504 5.112 0 1.663 6.917 0 1.319
5 24 0 -20 0 6.917 0 1.319 6.066 0 1.504 7.649 0 1.112
5 24 0 -20 0 7.649 0 1.112 6.917 0 1.319 8.252 0 0.885
5 24 0 -20 0 8.252 0 0.885 7.649 0 1.112 8.711 0 0.643
5 24 0 -20 0 8.711 0 0.643 8.252 0 0.885 9.023 0 0.391
5 24 0 -20 0 9.023 0 0.391 8.711 0 0.643 9.18 0 0.131
5 24 0 -20 0 9.18 0 0.131 9.023 0 0.391 9.18 0 -0.131
5 24 0 -20 0 9.18 0 -0.131 9.18 0 0.131 9.023 0 -0.39
5 24 0 -20 0 9.023 0 -0.39 9.18 0 -0.131 8.711 0 -0.643
5 24 0 -20 0 8.711 0 -0.643 9.023 0 -0.39 8.251 0 -0.884
5 24 0 -20 0 8.251 0 -0.884 8.711 0 -0.643 7.649 0 -1.111
5 24 0 -20 0 7.649 0 -1.111 8.251 0 -0.884 6.916 0 -1.319
5 24 0 -20 0 6.916 0 -1.319 7.649 0 -1.111 6.066 0 -1.504
5 24 0 -20 0 6.066 0 -1.504 6.916 0 -1.319 5.111 0 -1.663
5 24 0 -20 0 5.111 0 -1.663 6.066 0 -1.504 4.069 0 -1.794
5 24 0 -20 0 4.069 0 -1.794 5.111 0 -1.663 2.957 0 -1.894
5 24 0 -20 0 2.957 0 -1.894 4.069 0 -1.794 1.795 0 -1.962
5 24 0 -20 0 1.795 0 -1.962 2.957 0 -1.894 0.601 0 -1.996
5 24 0 -20 0 0.601 0 -1.996 1.795 0 -1.962 -0.602 0 -1.996
5 24 0 -20 0 -0.602 0 -1.996 0.601 0 -1.996 -1.795 0 -1.962
5 24 0 -20 0 -1.795 0 -1.962 -0.602 0 -1.996 -2.957 0 -1.894
5 24 0 -20 0 -2.957 0 -1.894 -1.795 0 -1.962 -4.069 0 -1.794
5 24 0 -20 0 -4.069 0 -1.794 -2.957 0 -1.894 -5.112 0 -1.663
5 24 0 -20 0 -5.112 0 -1.663 -4.069 0 -1.794 -6.066 0 -1.504
5 24 0 -20 0 -6.066 0 -1.504 -5.112 0 -1.663 -6.917 0 -1.319
5 24 0 -20 0 -6.917 0 -1.319 -6.066 0 -1.504 -7.649 0 -1.112
5 24 0 -20 0 -7.649 0 -1.112 -6.917 0 -1.319 -8.252 0 -0.885
5 24 0 -20 0 -8.252 0 -0.885 -7.649 0 -1.112 -8.711 0 -0.643
5 24 0 -20 0 -8.711 0 -0.643 -8.252 0 -0.885 -9.023 0 -0.391
5 24 0 -20 0 -9.023 0 -0.391 -8.711 0 -0.643 -9.18 0 -0.131
5 24 0 -20 0 -9.18 0 -0.131 -9.023 0 -0.391 -9.18 0 0.131
5 24 0 -20 0 -9.18 0 0.131 -9.18 0 -0.131 -9.023 0 0.39

4 16 0 -20 0 1 0 -1.985 1 0 -2.8 0 -20 -2.8
4 16 -1 0 -1.985 0 -20 0 0 -20 -2.8 -1 0 -2.8
3 16 1 0 -2.8 -1 0 -2.8 0 -20 -2.8
0