0 LSynth Constraint Part - Type 7 - "RCX Cable"
0 Name: LS07.dat
0 Author: Willy Tschager [Holly-Wood]
0 !LDRAW_ORG Unofficial_Part
0 !LICENSE Redistributable under CCAL version 2.0 : see CAreadme.txt

0 BFC CERTIFY CW

0 !KEYWORDS LSynth, RCX, ELECTRIC, CABLE, NXT, FIBER, OPTIC, FLEX, SYSTEM, FLEXIBLE, AXLE, MINIFIG,
0 !KEYWORDS PNEUMATIC, RIBBED, RUBBER, STRING, CHAIN, BAND, BELT, PLASTIC, TREAD, INSIDE, OUTSIDE,
0 !KEYWORDS CROSS, SHOW, HIDE, Synthesis

0 !HISTORY 2009-05-14 [Holly-Wood] Initial version

2 24 0.228 0 -1.455 -0.05 0 -1.177
2 24 0.228 0 -1.455 0.859 0 -1.716
2 24 0.858 0 -1.716 0.858 0 -2.45
2 24 0.858 0 -2.45 1.541 0 -2.45
2 24 1.542 0 -1.716 1.542 0 -2.45
2 24 1.542 0 -1.716 2.172 0 -1.455
2 24 2.172 0 -1.455 2.655 0 -0.972
2 24 2.655 0 -0.972 2.916 0 -0.341
2 24 2.916 0 -0.341 2.916 0 0.342
2 24 2.916 0 0.342 2.655 0 0.972
2 24 2.655 0 0.972 2.172 0 1.455
2 24 2.172 0 1.455 1.541 0 1.716
2 24 1.541 0 1.716 0.858 0 1.716
2 24 0.858 0 1.716 0.228 0 1.455
2 24 0.228 0 1.455 -0.05 0 1.177
2 24 -0.228 0 1.455 0.05 0 1.177
2 24 -0.228 0 1.455 -0.859 0 1.716
2 24 -0.859 0 1.716 -1.542 0 1.716
2 24 -1.542 0 1.716 -2.172 0 1.455
2 24 -2.172 0 1.455 -2.655 0 0.972
2 24 -2.655 0 0.972 -2.916 0 0.341
2 24 -2.916 0 0.341 -2.916 0 -0.342
2 24 -2.916 0 -0.342 -2.655 0 -0.972
2 24 -2.655 0 -0.972 -2.172 0 -1.455
2 24 -2.172 0 -1.455 -1.541 0 -1.716
2 24 -1.542 0 -1.716 -1.542 0 -2.45
2 24 -1.542 0 -2.45 -0.859 0 -2.45
2 24 -0.858 0 -1.716 -0.858 0 -2.45
2 24 -0.858 0 -1.716 -0.228 0 -1.455
2 24 -0.228 0 -1.455 0.05 0 -1.177
2 24 0 -2.103 -0.802 0 0 -1.227
2 24 0 -3.608 -0.238 0 -2.103 -0.802
2 24 0 -3.608 -0.238 0 -3.608 0.239
2 24 0 -3.608 0.239 0 -2.103 0.802
2 24 0 -2.103 0.802 0 0 1.227
2 24 -1.541 0 -1.716 -1.2 -12 0
2 24 -1.542 0 -2.45 -1.2 -12 -2.45
2 24 -0.858 0 -2.45 -1.2 -12 -2.45
2 24 -0.859 0 -1.716 -1.2 -12 0
2 24 -1.2 -12 0 -1.2 -12 -2.45
2 24 0.859 0 -1.716 1.2 -12 0
2 24 0.858 0 -2.45 1.2 -12 -2.45
2 24 1.542 0 -2.45 1.2 -12 -2.45
2 24 1.541 0 -1.716 1.2 -12 0
2 24 1.2 -12 0 1.2 -12 -2.45
3 16 -1.2 0 0 0.05 0 -1.177 0.05 0 1.177
3 16 -1.2 0 0 0.05 0 1.177 -0.228 0 1.455
3 16 -1.2 0 0 -0.228 0 1.455 -0.859 0 1.716
3 16 -1.2 0 0 -0.859 0 1.716 -1.542 0 1.716
3 16 -1.2 0 0 -1.542 0 1.716 -2.172 0 1.455
3 16 -1.2 0 0 -2.172 0 1.455 -2.655 0 0.972
3 16 -1.2 0 0 -2.655 0 0.972 -2.916 0 0.341
3 16 -1.2 0 0 -2.916 0 0.341 -2.916 0 -0.342
3 16 -1.2 0 0 -2.916 0 -0.342 -2.655 0 -0.972
3 16 -1.2 0 0 -2.655 0 -0.972 -2.172 0 -1.455
3 16 -1.2 0 0 -2.172 0 -1.455 -1.541 0 -1.716
3 16 -1.2 0 0 -1.541 0 -1.716 -0.858 0 -1.716
3 16 -1.2 0 0 -0.858 0 -1.716 -0.228 0 -1.455
3 16 -0.228 0 -1.455 0.05 0 -1.177 -1.2 0 0
3 16 -0.05 0 1.177 -0.05 0 -1.177 1.2 0 0
3 16 1.2 0 0 -0.05 0 -1.177 0.228 0 -1.455
3 16 1.2 0 0 0.228 0 -1.455 0.859 0 -1.716
3 16 1.2 0 0 0.859 0 -1.716 1.542 0 -1.716
3 16 1.2 0 0 1.542 0 -1.716 2.172 0 -1.455
3 16 1.2 0 0 2.172 0 -1.455 2.655 0 -0.972
3 16 1.2 0 0 2.655 0 -0.972 2.916 0 -0.341
3 16 1.2 0 0 2.916 0 -0.341 2.916 0 0.342
3 16 1.2 0 0 2.916 0 0.342 2.655 0 0.972
3 16 1.2 0 0 2.655 0 0.972 2.172 0 1.455
3 16 1.2 0 0 2.172 0 1.455 1.541 0 1.716
3 16 1.2 0 0 1.541 0 1.716 0.858 0 1.716
3 16 1.2 0 0 0.858 0 1.716 0.228 0 1.455
3 16 0.228 0 1.455 -0.05 0 1.177 1.2 0 0
4 16 -0.859 0 -1.716 -1.542 0 -1.716 -1.542 0 -2.45 -0.859 0 -2.45
4 16 -1.2 -12 0 -0.859 0 -1.716 -0.859 0 -2.45 -1.2 -12 -2.45
4 16 -1.542 0 -1.716 -1.2 -12 0 -1.2 -12 -2.45 -1.542 0 -2.45
3 16 -0.859 0 -2.45 -1.542 0 -2.45 -1.2 -12 -2.45
4 16 1.541 0 -1.716 0.858 0 -1.716 0.858 0 -2.45 1.541 0 -2.45
4 16 1.2 -12 0 1.541 0 -1.716 1.541 0 -2.45 1.2 -12 -2.45
4 16 0.858 0 -1.716 1.2 -12 0 1.2 -12 -2.45 0.858 0 -2.45
3 16 1.541 0 -2.45 0.858 0 -2.45 1.2 -12 -2.45
1 16 -1.2 0 0 -1.716 0 0.341 0 -12 0 0.341 0 1.716 4-4con0.dat
1 16 1.2 0 0 -1.716 0 0.341 0 -12 0 0.341 0 1.716 4-4con0.dat
0
