0 ~LSynth Electric Power Functions Cable Segment
0 Name: LS70.dat
0 Author: Willy Tschager [Holly-Wood]
0 !LDRAW_ORG Unofficial_Part
0 !LICENSE Redistributable under CCAL version 2.0 : see CAreadme.txt

0 BFC CERTIFY CW

0 !KEYWORDS LSynth
0 !HISTORY 2008-03-17 [Holly-Wood] Initial version
1 16 0 0 3.712 1.23744 0 1.23744 0 1 0 -1.23744 0 1.23744 3-4cyli.dat
1 16 0 0 1.237 1.23744 0 1.23744 0 1 0 -1.23744 0 1.23744 1-4cyli.dat
1 16 0 0 1.237 -1.23744 0 -1.23744 0 1 0 1.23744 0 -1.23744 1-4cyli.dat
1 16 0 0 -1.237 1.23744 0 1.23744 0 1 0 -1.23744 0 1.23744 1-4cyli.dat
1 16 0 0 -1.237 -1.23744 0 -1.23744 0 1 0 1.23744 0 -1.23744 1-4cyli.dat
1 16 0 0 -3.712 -1.23744 0 -1.23744 0 1 0 1.23744 0 -1.23744 3-4cyli.dat

1 16 0 0 3.712 1.23744 0 1.23744 0 1 0 -1.23744 0 1.23744 3-4disc.dat
4 16 1.237 0 2.475 0 0 1.237 -1.237 0 2.475 0 0 3.712
1 16 0 0 1.237 -1.23744 0 -1.23744 0 1 0 1.23744 0 -1.23744 1-4disc.dat
1 16 0 0 1.237 1.23744 0 1.23744 0 1 0 -1.23744 0 1.23744 1-4disc.dat
4 16 1.237 0 0 0 0 -1.237 -1.237 0 0 0 0 1.237
1 16 0 0 -1.237 1.23744 0 1.23744 0 1 0 -1.23744 0 1.23744 1-4disc.dat
1 16 0 0 -1.237 -1.23744 0 -1.23744 0 1 0 1.23744 0 -1.23744 1-4disc.dat
4 16 0 0 -3.712 -1.237 0 -2.475 0 0 -1.237 1.237 0 -2.475
1 16 0 0 -3.712 -1.23744 0 -1.23744 0 1 0 1.23744 0 -1.23744 3-4disc.dat

1 16 0 1 3.712 1.23744 0 1.23744 0 -1 0 -1.23744 0 1.23744 3-4disc.dat
4 16 0 1 3.712 -1.237 1 2.475 0 1 1.237 1.237 1 2.475
1 16 0 1 1.237 -1.23744 0 -1.23744 0 -1 0 1.23744 0 -1.23744 1-4disc.dat
1 16 0 1 1.237 1.23744 0 1.23744 0 -1 0 -1.23744 0 1.23744 1-4disc.dat
4 16 0 1 1.237 -1.237 1 0 0 1 -1.237 1.237 1 0
1 16 0 1 -1.237 1.23744 0 1.23744 0 -1 0 -1.23744 0 1.23744 1-4disc.dat
1 16 0 1 -1.237 -1.23744 0 -1.23744 0 -1 0 1.23744 0 -1.23744 1-4disc.dat
4 16 1.237 1 -2.475 0 1 -1.237 -1.237 1 -2.475 0 1 -3.712
1 16 0 1 -3.712 -1.23744 0 -1.23744 0 -1 0 1.23744 0 -1.23744 3-4disc.dat

2 24 -1.237 0 0 -1.237 1 0
2 24 1.238 0 0 1.238 1 0
2 24 -1.237 0 -2.475 -1.237 1 -2.475
2 24 1.238 0 -2.475 1.238 1 -2.475
2 24 -1.237 0 2.475 -1.237 1 2.475
2 24 1.238 0 2.475 1.238 1 2.475
0
