0 ~LSynth Hose Flexible 19M End Segment
0 Name: LS90.dat
0 Author: J.C. Tchang [tchang]
0 !LDRAW_ORG Unofficial_Part
0 !LICENSE Redistributable under CCAL version 2.0 : see CAreadme.txt

0 BFC CERTIFY CCW

1 16 0 20 0 4 0 0 0 -1 0 0 0 4 4-4disc.dat
1 16 0 20 0 4 0 0 0 1 0 0 0 4 4-4edge.dat
1 16 0 20 0 4 0 0 0 -20 0 0 0 4 4-4cyli.dat
1 16 0 0 0 4 0 0 0 1 0 0 0 4 4-4edge.dat
0 //
1 16 0 0 0 1 0 0 0 -1 0 0 0 1 4-4ring4.dat
1 16 0 0 0 0.5 0 0 0 -1 0 0 0 0.5 4-4rin10.dat
1 16 0 0 0 5.08134 0 -2.10476 0 1 0 2.10476 0 5.08134 1-8edge.dat
1 16 0 0 0 -2.10476 0 -5.08134 0 1 0 5.08134 0 -2.10476 1-8edge.dat
1 16 0 0 0 -5.08134 0 2.10476 0 1 0 -2.10476 0 -5.08134 1-8edge.dat
1 16 0 0 0 2.10476 0 5.08134 0 1 0 -5.08134 0 2.10476 1-8edge.dat
2 24 5.30095 0 1 5.081 0 2.105
2 24 5.30095 0 -1 5.081 0 -2.105
2 24 -1 0 5.30095 -2.105 0 5.081
2 24 1 0 5.30095 2.105 0 5.081
2 24 -5.30095 0 -1 -5.081 0 -2.105
2 24 -5.30095 0 1 -5.081 0 2.105
2 24 1 0 -5.30095 2.105 0 -5.081
2 24 -1 0 -5.30095 -2.105 0 -5.081
1 16 0 0 0 5.5 0 0 0 -2 0 0 0 5.5 4-4cyli.dat
0 //
1 16 0 -2 0 5.5 0 0 0 1 0 0 0 5.5 4-4edge.dat
1 16 0 -2 0 0.25 0 0 0 1 0 0 0 0.25 4-4rin21.dat
1 16 0 -2 0 0.75 0 0 0 1 0 0 0 0.75 4-4ring6.dat
1 16 0 -2 0 4.5 0 0 0 1 0 0 0 4.5 4-4edge.dat
1 16 0 -2 0 4.5 0 0 0 -6 0 0 0 4.5 4-4cyli.dat
0 //
1 16 0 -8 0 4.5 0 0 0 1 0 0 0 4.5 4-4edge.dat
1 16 0 -8 0 0.5 0 0 0 1 0 0 0 0.5 4-4ring8.dat
1 16 0 -8 0 4 0 0 0 1 0 0 0 4 4-4edge.dat
1 16 0 -8 0 4 0 0 0 -3.9 0 0 0 4 4-4cyli.dat
0 //
4 16 -4.5 -5.5 0 -4.301 -5.699 1 -6 -4 1 -6 -4 -1
3 16 -6 -4 -1 -4.301 -5.699 -1 -4.5 -5.5 0
2 24 -6 -4 -1 -4.30139 -5.69861 -1
2 24 -6 -4 1 -4.30139 -5.69861 1
2 24 -4.30139 -5.69861 -1 -4.5 -5.5 0
2 24 -4.30139 -5.69861 1 -4.5 -5.5 0
4 16 -6 0 -1 -6 0 1 -5.30095 0 1 -5.5 0 0
3 16 -5.5 0 0 -5.30095 0 -1 -6 0 -1
2 24 -5.30095 0 -1 -6 0 -1
2 24 -5.30095 0 1 -6 0 1
4 16 -6 -4 -1 -6 0 -1 -5.30095 0 -1 -5.30095 -2 -1
4 16 -4.30139 -2 -1 -4.30139 -5.69861 -1 -6 -4 -1 -5.30095 -2 -1
2 24 -5.30095 0 -1 -5.30095 -2 -1
2 24 -4.30139 -2 -1 -4.30139 -5.69861 -1
2 24 -5.30095 -2 -1 -4.30139 -2 -1
4 16 -5.301 -2 1 -5.301 0 1 -6 0 1 -6 -4 1
4 16 -5.301 -2 1 -6 -4 1 -4.301 -5.699 1 -4.301 -2 1
2 24 -5.30095 0 1 -5.30095 -2 1
2 24 -4.30139 -2 1 -4.30139 -5.69861 1
2 24 -5.30095 -2 1 -4.30139 -2 1
1 16 -6 -2 0 0 1 0 0 0 -2 -1 0 0 rect.dat
0 //
4 16 0 -5.5 4.5 1 -5.699 4.301 1 -4 6 -1 -4 6
3 16 -1 -4 6 -1 -5.699 4.301 0 -5.5 4.5
2 24 -1 -4 6 -1 -5.69861 4.30139
2 24 1 -4 6 1 -5.69861 4.30139
2 24 -1 -5.69861 4.30139 0 -5.5 4.5
2 24 1 -5.69861 4.30139 0 -5.5 4.5
4 16 -1 0 6 1 0 6 1 0 5.30095 0 0 5.5
3 16 0 0 5.5 -1 0 5.30095 -1 0 6
2 24 -1 0 5.30095 -1 0 6
2 24 1 0 5.30095 1 0 6
4 16 -1 -4 6 -1 0 6 -1 0 5.30095 -1 -2 5.30095
4 16 -1 -2 4.30139 -1 -5.69861 4.30139 -1 -4 6 -1 -2 5.30095
2 24 -1 0 5.30095 -1 -2 5.30095
2 24 -1 -2 4.30139 -1 -5.69861 4.30139
2 24 -1 -2 5.30095 -1 -2 4.30139
4 16 1 -2 5.301 1 0 5.301 1 0 6 1 -4 6
4 16 1 -2 5.301 1 -4 6 1 -5.699 4.301 1 -2 4.301
2 24 1 0 5.30095 1 -2 5.30095
2 24 1 -2 4.30139 1 -5.69861 4.30139
2 24 1 -2 5.30095 1 -2 4.30139
1 16 0 -2 6 -1 0 0 0 0 -2 0 -1 0 rect.dat
0 //
4 16 4.5 -5.5 0 4.301 -5.699 -1 6 -4 -1 6 -4 1
3 16 6 -4 1 4.301 -5.699 1 4.5 -5.5 0
2 24 6 -4 1 4.30139 -5.69861 1
2 24 6 -4 -1 4.30139 -5.69861 -1
2 24 4.30139 -5.69861 1 4.5 -5.5 0
2 24 4.30139 -5.69861 -1 4.5 -5.5 0
4 16 6 0 1 6 0 -1 5.30095 0 -1 5.5 0 0
3 16 5.5 0 0 5.30095 0 1 6 0 1
2 24 5.30095 0 1 6 0 1
2 24 5.30095 0 -1 6 0 -1
4 16 6 -4 1 6 0 1 5.30095 0 1 5.30095 -2 1
4 16 4.30139 -2 1 4.30139 -5.69861 1 6 -4 1 5.30095 -2 1
2 24 5.30095 0 1 5.30095 -2 1
2 24 4.30139 -2 1 4.30139 -5.69861 1
2 24 5.30095 -2 1 4.30139 -2 1
4 16 5.301 -2 -1 5.301 0 -1 6 0 -1 6 -4 -1
4 16 5.301 -2 -1 6 -4 -1 4.301 -5.699 -1 4.301 -2 -1
2 24 5.30095 0 -1 5.30095 -2 -1
2 24 4.30139 -2 -1 4.30139 -5.69861 -1
2 24 5.30095 -2 -1 4.30139 -2 -1
1 16 6 -2 0 0 -1 0 0 0 -2 1 0 0 rect.dat
0 //
4 16 0 -5.5 -4.5 -1 -5.699 -4.301 -1 -4 -6 1 -4 -6
3 16 1 -4 -6 1 -5.699 -4.301 0 -5.5 -4.5
2 24 1 -4 -6 1 -5.69861 -4.30139
2 24 -1 -4 -6 -1 -5.69861 -4.30139
2 24 1 -5.69861 -4.30139 0 -5.5 -4.5
2 24 -1 -5.69861 -4.30139 0 -5.5 -4.5
4 16 1 0 -6 -1 0 -6 -1 0 -5.30095 0 0 -5.5
3 16 0 0 -5.5 1 0 -5.30095 1 0 -6
2 24 1 0 -5.30095 1 0 -6
2 24 -1 0 -5.30095 -1 0 -6
4 16 1 -4 -6 1 0 -6 1 0 -5.30095 1 -2 -5.30095
4 16 1 -2 -4.30139 1 -5.69861 -4.30139 1 -4 -6 1 -2 -5.30095
2 24 1 0 -5.30095 1 -2 -5.30095
2 24 1 -2 -4.30139 1 -5.69861 -4.30139
2 24 1 -2 -5.30095 1 -2 -4.30139
4 16 -1 -2 -5.301 -1 0 -5.301 -1 0 -6 -1 -4 -6
4 16 -1 -2 -5.301 -1 -4 -6 -1 -5.699 -4.301 -1 -2 -4.301
2 24 -1 0 -5.30095 -1 -2 -5.30095
2 24 -1 -2 -4.30139 -1 -5.69861 -4.30139
2 24 -1 -2 -5.30095 -1 -2 -4.30139
1 16 0 -2 -6 1 0 0 0 0 -2 0 1 0 rect.dat
0 //
