0 LEGO Logo for Studs - 3D with Rounded Top
0 Name: logo4.dat
0 Author: J.C. Tchang [tchang]
0 !LDRAW_ORG Unofficial_Primitive
0 !LICENSE Redistributable under CCAL version 2.0 : see CAreadme.txt

0 BFC CERTIFY CCW

0 !HISTORY 2010-06-21 [tchang]  New Primitive
0 !HISTORY 2014-01-02 [Steffen] uploaded to parts tracker
0 !HISTORY 2014-12-27 [Steffen] cured matrix column all zeros warning
0 !HISTORY 2016-06-03 [tnelson] centred logo

0 // L
1 16 2.14 0 -3.17 0.25 0 0 0 1 0 0 0 0.25 2-4edge.dat
1 16 2.14 0 -4.27 0 0 0.25 0 1 0 -0.25 0 0 1-4edge.dat
2 24 2.39 0 -3.17 2.39 0 -4.27
2 24 1.89 0 -3.17 1.89 0 -3.954
1 16 -2.06 0 -3.17 0 0 -0.25 0 1 0 0.25 0 0 2-4edge.dat
2 24 1.89 0 -3.954 -2.06 0 -2.92
2 24 2.14 0 -4.52 -2.06 0 -3.42
0 //
1 16 2.14 0 -3.17 0.25 0 0 0 -0.2 0 0 0 0.25 2-8sphe.dat
1 16 2.14 0 -4.27 0 0 0.25 0 -0.2 0 -0.25 0 0 1-8sphe.dat
1 16 2.14 0 -3.17 0.25 0 0 0 0 -0.2 0 -1.1 0 1-4cyli.dat
1 16 2.14 0 -3.17 -0.25 0 0 0 0 -0.2 0 -0.7845 0 1-4cyli.dat
1 16 2.14 0 -3.954 -0.25 0 0 0 0 -0.2 0 -0.3155 0 1-4cyls.dat
1 16 2.14 0 -4.27 -0.25 0 0 0 0 -0.2 0.3155 -0.796 0 1-4edge.dat
1 16 -2.06 0 -3.17 0 0 -0.25 0 -0.2 0 0.25 0 0 2-8sphe.dat
1 16 -2.06 0 -3.17 0 4.2 0 0 0 -0.2 -0.25 -1.1 0 1-4cyli.dat
1 16 -2.06 0 -3.17 0 3.95 0 0 0 -0.2 0.25 -1.0345 0 1-4cyli.dat
1 16 1.89 0 -4.204 0 0.25 0 0 0 -0.2 0.25 -0.0655 0 1-4cyls.dat

0 // E
1 16 -2.06 0 0.03 0.25 0 0 0 1 0 0 0 0.25 2-4edge.dat
1 16 -0.01 0 -0.87 0.25 0 0 0 1 0 0 0 0.25 2-4edge.dat
1 16 2.14 0 -1.07 0.25 0 0 0 1 0 0 0 0.25 2-4edge.dat
1 16 2.14 0 -2.17 0 0 0.25 0 1 0 -0.25 0 0 1-4edge.dat
1 16 -2.06 0 -1.07 -0.25 0 0 0 1 0 0 0 -0.25 1-4edge.dat
2 24 2.14 0 -2.42 -2.06 0 -1.32
2 24 -1.81 0 -0.886 -0.26 0 -1.291
2 24 0.24 0 -1.422 1.89 0 -1.854
2 24 -2.31 0 -1.07 -2.31 0 0.03
2 24 -1.81 0 -0.886 -1.81 0 0.03
2 24 -0.26 0 -1.291 -0.26 0 -0.87
2 24 0.24 0 -1.422 0.24 0 -0.87
2 24 1.89 0 -1.854 1.89 0 -1.07
2 24 2.39 0 -2.17 2.39 0 -1.07
0 //
1 16 -2.06 0 0.03 0.25 0 0 0 -0.2 0 0 0 0.25 2-8sphe.dat
1 16 -0.01 0 -0.87 0.25 0 0 0 -0.2 0 0 0 0.25 2-8sphe.dat
1 16 2.14 0 -1.07 0.25 0 0 0 -0.2 0 0 0 0.25 2-8sphe.dat
1 16 2.14 0 -2.17 0 0 0.25 0 -0.2 0 -0.25 0 0 1-8sphe.dat
1 16 -2.06 0 -1.07 -0.25 0 0 0 -0.2 0 0 0 -0.25 1-8sphe.dat
1 16 -2.06 0 -1.07 0 4.2 0 0 0 -0.2 -0.25 -1.1 0 1-4cyli.dat
1 16 -1.81 0 -1.136 0 1.55 0 0 0 -0.2 0.25 -0.406 0 1-4cyli.dat
1 16 0.24 0 -1.672 0 1.65 0 0 0 -0.2 0.25 -0.4321 0 1-4cyli.dat
1 16 1.89 0 -2.104 0 0.25 0 0 0 -0.2 0.25 -0.06548 0 1-4cyls.dat
1 16 2.14 0 -2.17 -0.25 0 0 0 0 -0.2 0.3155 -0.796 0 1-4edge.dat
1 16 0.24 0 -1.672 0 -0.25 0 0 0 -0.2 0.25 0.0655 0 1-4cyls.dat
1 16 -0.01 0 -1.607 -0.25 0 0 0 0 -0.2 0.3155 -0.796 0 1-4edge.dat
1 16 -0.26 0 -1.541 0 0.25 0 0 0 -0.2 0.25 -0.0655 0 1-4cyls.dat
1 16 -0.01 0 -1.607 0.25 0 0 0 0 -0.2 0.1845 -0.796 0 1-4edge.dat
1 16 -1.81 0 -1.136 0 -0.25 0 0 0 -0.2 0.25 0.0655 0 1-4cyls.dat
1 16 -2.06 0 -1.07 0.25 0 0 0 0 -0.2 0.1845 -0.796 0 1-4edge.dat
1 16 2.14 0 -1.07 -0.25 0 0 0 0 -0.2 0 -0.7845 0 1-4cyli.dat
1 16 2.14 0 -1.854 -0.25 0 0 0 0 -0.2 0 -0.3155 0 1-4cyls.dat
1 16 2.14 0 -1.07 0.25 0 0 0 0 -0.2 0 -1.1 0 1-4cyli.dat
1 16 -0.01 0 -1.291 -0.25 0 0 0 0 -0.2 0 -0.3155 0 1-4cyls.dat
1 16 -0.01 0 -1.422 0.25 0 0 0 0 -0.2 0 -0.1845 0 1-4cyls.dat
1 16 -0.01 0 -0.87 0.25 0 0 0 0 -0.2 0 -0.5524 0 1-4cyli.dat
1 16 -0.01 0 -0.87 -0.25 0 0 0 0 -0.2 0 -0.4214 0 1-4cyli.dat
1 16 -2.06 0 -0.886 0.25 0 0 0 0 -0.2 0 -0.1845 0 1-4cyls.dat
1 16 -2.06 0 0.03 0.25 0 0 0 0 -0.2 0 -0.9155 0 1-4cyli.dat
1 16 -2.06 0 0.03 -0.25 0 0 0 0 -0.2 0 -1.1 0 1-4cyli.dat

0 // G
1 16 1.39 0 0.63 -0.129 0 0.483 0 1 0 -0.483 0 -0.129 2-4edge.dat
1 16 1.39 0 0.63 0.259 0 0.966 0 1 0 0.966 0 -0.259 2-4edge.dat
1 16 -1.304 0 1.352 0.129 0 -0.483 0 1 0 0.483 0 0.129 2-4edge.dat
1 16 -1.304 0 1.352 -0.259 0 -0.966 0 1 0 -0.966 0 0.259 2-4edge.dat
1 16 -0.01 0 0.98 -0.25 0 0 0 1 0 0 0 -0.25 2-4edge.dat
1 16 -1.111 0 2.076 -0.065 0 0.241 0 1 0 -0.241 0 -0.065 2-4edge.dat
1 16 -0.01 0 1.781 0 0 -0.25 0 1 0 0.259 0 0 1-4edge.dat
2 24 -1.434 0 0.87 1.261 0 0.148
2 24 -1.564 0 0.387 1.131 0 -0.336
2 24 -0.01 0 2.04 1.649 0 1.596
2 24 0.24 0 1.455 1.519 0 1.112
2 24 0.24 0 1.455 0.24 0 0.98
2 24 -0.26 0 0.98 -0.26 0 1.781
0 //
1 16 1.39 0 0.63 -0.194 0 0.724 0 -0.6 0 -0.724 0 -0.194 t02i3333.dat
1 16 1.39 0 0.63 -0.194 0 0.724 0 -0.6 0 -0.724 0 -0.194 t02o3333.dat
1 16 -1.304 0 1.352 0.194 0 -0.724 0 -0.6 0 0.724 0 0.194 t02i3333.dat
1 16 -1.304 0 1.352 0.194 0 -0.724 0 -0.6 0 0.724 0 0.194 t02o3333.dat
1 16 1.196 0 -0.094 0.065 -2.695 0 0 0 -0.2 0.241 0.722 0 2-4cyli.dat
1 16 -0.01 0 0.98 -0.25 0 0 0 -0.2 0 0 0 -0.25 2-8sphe.dat
1 16 -1.111 0 2.076 -0.065 0 0.241 0 -0.2 0 -0.241 0 -0.065 2-8sphe.dat
1 16 -0.01 0 1.781 0 0 -0.25 0 -0.2 0 0.259 0 0 1-8sphe.dat
1 16 -0.01 0 0.98 -0.25 0 0 0 0 -0.2 0 0.801 0 1-4cyli.dat
1 16 -0.01 0 0.98 0.25 0 0 0 0 -0.2 0 0.475 0 1-4cyli.dat
1 16 1.519 0 1.371 0 0.065 0 0 0 -0.2 -0.259 -0.017 0 2-4cyls.dat
1 16 1.519 0 1.371 0 -1.279 0 0 0 -0.2 -0.259 0.343 0 1-4cyli.dat
1 16 1.519 0 1.371 0 -1.529 0 0 0 -0.2 0.259 0.41 0 1-4cyli.dat
1 16 -0.01 0 1.781 0.25 1 0 0 1 -0.2 -0.326 1 0 1-4edge.dat
1 16 -0.01 0 1.455 0.25 0 0 0 0 -0.2 0 0.326 0 1-4cyls.dat
1 16 0.24 0 1.714 0 -0.25 0 0 0 -0.2 -0.259 0.067 0 1-4cyls.dat

0 // Letter O
1 16 1.39 0 3.03 -0.129 0 0.483 0 1 0 -0.483 0 -0.129 2-4edge.dat
1 16 1.39 0 3.03 0.259 0 0.966 0 1 0 0.966 0 -0.259 2-4edge.dat
1 16 -1.304 0 3.752 0.129 0 -0.483 0 1 0 0.483 0 0.129 2-4edge.dat
1 16 -1.304 0 3.752 -0.259 0 -0.966 0 1 0 -0.966 0 0.259 2-4edge.dat
2 24 -1.434 0 3.27 1.261 0 2.548
2 24 -1.564 0 2.787 1.131 0 2.064
2 24 -1.046 0 4.718 1.649 0 3.996
2 24 -1.176 0 4.235 1.519 0 3.512
0 //
1 16 1.39 0 3.03 -0.194 0 0.724 0 -0.6 0 -0.724 0 -0.194 t02i3333.dat
1 16 1.39 0 3.03 -0.194 0 0.724 0 -0.6 0 -0.724 0 -0.194 t02o3333.dat
1 16 -1.304 0 3.752 0.194 0 -0.724 0 -0.6 0 0.724 0 0.194 t02i3333.dat
1 16 -1.304 0 3.752 0.194 0 -0.724 0 -0.6 0 0.724 0 0.194 t02o3333.dat
1 16 1.584 0 3.754 0.065 -2.695 0 0 0 -0.2 0.241 0.722 0 2-4cyli.dat
1 16 1.196 0 2.306 0.065 -2.695 0 0 0 -0.2 0.241 0.722 0 2-4cyli.dat
