0 Stud without Base Edges (Fast-Draw)
0 Name: 8\studa.dat
0 Author: Niels Karsdorp [nielsk]
0 !LDRAW_ORG 8_Primitive UPDATE 2013-02
0 !LICENSE Redistributable under CCAL version 2.0 : see CAreadme.txt

0 BFC CERTIFY CCW

0 !HISTORY 2010-12-31 [PTadmin] Official Update 2010-03
0 !HISTORY 2013-09-12 [PTadmin] Renamed from stu2a
0 !HISTORY 2013-12-23 [PTadmin] Official Update 2013-02

2 24 6 -4 0 4.2 -4 -4.2
3 16 4.2 -4 -4.2 6 -4 0 0 -4 0
4 16 6 0 0 6 -4 0 4.2 -4 -4.2 4.2 0 -4.2
5 24 6 -4 0 6 0 0 4.2 -4 -4.2 4.2 -4 4.2
2 24 4.2 -4 -4.2 0 -4 -6
3 16 0 -4 -6 4.2 -4 -4.2 0 -4 0
4 16 4.2 0 -4.2 4.2 -4 -4.2 0 -4 -6 0 0 -6
5 24 4.2 -4 -4.2 4.2 0 -4.2 0 -4 -6 6 -4 0
2 24 0 -4 -6 -4.2 -4 -4.2
3 16 -4.2 -4 -4.2 0 -4 -6 0 -4 0
4 16 0 0 -6 0 -4 -6 -4.2 -4 -4.2 -4.2 0 -4.2
5 24 0 -4 -6 0 0 -6 -4.2 -4 -4.2 4.2 -4 -4.2
2 24 -4.2 -4 -4.2 -6 -4 0
3 16 -6 -4 0 -4.2 -4 -4.2 0 -4 0
4 16 -4.2 0 -4.2 -4.2 -4 -4.2 -6 -4 0 -6 0 0
5 24 -4.2 -4 -4.2 -4.2 0 -4.2 -6 -4 0 0 -4 -6
2 24 -6 -4 0 -4.2 -4 4.2
3 16 -4.2 -4 4.2 -6 -4 0 0 -4 0
4 16 -6 0 0 -6 -4 0 -4.2 -4 4.2 -4.2 0 4.2
5 24 -6 -4 0 -6 0 0 -4.2 -4 4.2 -4.2 -4 -4.2
2 24 -4.2 -4 4.2 0 -4 6
3 16 0 -4 6 -4.2 -4 4.2 0 -4 0
4 16 -4.2 0 4.2 -4.2 -4 4.2 0 -4 6 0 0 6
5 24 -4.2 -4 4.2 -4.2 0 4.2 0 -4 6 -6 -4 0
2 24 0 -4 6 4.2 -4 4.2
3 16 4.2 -4 4.2 0 -4 6 0 -4 0
4 16 0 0 6 0 -4 6 4.2 -4 4.2 4.2 0 4.2
5 24 0 -4 6 0 0 6 4.2 -4 4.2 -4.2 -4 4.2
2 24 4.2 -4 4.2 6 -4 0
3 16 6 -4 0 4.2 -4 4.2 0 -4 0
4 16 4.2 0 4.2 4.2 -4 4.2 6 -4 0 6 0 0
5 24 4.2 -4 4.2 4.2 0 4.2 6 -4 0 0 -4 6
0
