0 Stud for Electric L & S Brick  2 x  2 x  1.333 (Fast-Draw)
0 Name: 8\stud13.dat
0 Author: J.C. Tchang [tchang]
0 !LDRAW_ORG 8_Primitive UPDATE 2013-02
0 !LICENSE Redistributable under CCAL version 2.0 : see CAreadme.txt

0 BFC CERTIFY CCW

0 !HISTORY 2011-07-25 [PTadmin] Official Update 2011-01
0 !HISTORY 2013-12-23 [PTadmin] Official Update 2013-02

1 16 5.891 -2 0.547 0 -1.095 -0.109 2 0 0 0 -0.218 0.5475 rect3.dat
1 16 3.438 -2 3.438 0 -1.04156 -2.3435 2 0 0 0 -1.04156 2.3435 rect3.dat
1 16 0.547 -2 5.891 -0.5475 -0.218 0 0 0 -2 0.109 -1.095 0 rect2p.dat
4 16 1.095 -4 5.782 0 -4 0 6 -4 0 5.782 -4 1.095
3 16 0 -4 6 0 -4 0 1.095 -4 5.782
0 //
4 16 0 -4 0 0 -4 6 -4.243 -4 4.243 -6 -4 0
4 16 0 -4 0 -6 -4 0 -4.243 -4 -4.243 0 -4 -6
4 16 0 -4 0 0 -4 -6 4.243 -4 -4.243 6 -4 0
1 16 -2.121 -2 5.121 -2.121 0.38285 0 0 0 -2 -0.879 -1 0 rect2p.dat
1 16 -5.121 -2 2.121 -0.879 0.92381 0 0 0 -2 -2.121 -1 0 rect2p.dat
1 16 -5.121 -2 -2.121 0.879 0.92381 0 0 0 -2 -2.121 1 0 rect2p.dat
1 16 -2.121 -2 -5.121 2.121 0.38285 0 0 0 -2 -0.879 1 0 rect2p.dat
1 16 2.121 -2 -5.121 2.121 -0.38285 0 0 0 -2 0.879 1 0 rect2p.dat
1 16 5.121 -2 -2.121 0.879 -0.92381 0 0 0 -2 2.121 1 0 rect2p.dat
0 // conditional lines
5 24 0 0 6 0 -4 6 4.243 0 4.243 -4.243 0 4.243
5 24 -4.243 0 4.243 -4.243 -4 4.243 0 0 6 -6 0 0
5 24 -6 0 0 -6 -4 0 -4.243 0 4.243 -4.243 0 -4.243
5 24 -4.243 0 -4.243 -4.243 -4 -4.243 -6 0 0 0 0 -6
5 24 0 0 -6 0 -4 -6 -4.243 0 -4.243 4.243 0 -4.243
5 24 4.243 0 -4.243 4.243 -4 -4.243 0 0 -6 6 0 0
5 24 6 0 0 6 -4 0 4.243 0 -4.243 4.243 0 4.243
0 //
