0 Stud Duplo Open (Fast-Draw)
0 Name: 8\stud7.dat
0 Author: Tony Hafner [hafhead]
0 !LDRAW_ORG 8_Primitive UPDATE 2013-02
0 !LICENSE Redistributable under CCAL version 2.0 : see CAreadme.txt

0 BFC CERTIFY CCW

0 !HISTORY 2002-04-25 [PTadmin] Official Update 2002-02
0 !HISTORY 2007-06-24 [PTadmin] Header formatted for Contributor Agreement
0 !HISTORY 2008-07-01 [PTadmin] Official Update 2008-01
0 !HISTORY 2012-02-16 [Philo] Changed to CCW
0 !HISTORY 2012-03-30 [PTadmin] Official Update 2012-01
0 !HISTORY 2013-12-23 [PTadmin] Official Update 2013-02

2 24 12 0 0 8.49 0 -8.49
2 24 12 -4 0 8.49 -4 -8.49
2 24 9 0 0 6.36 0 -6.36
2 24 9 -4 0 6.36 -4 -6.36
4 16 9 -4 0 6.36 -4 -6.36 8.49 -4 -8.49 12 -4 0
4 16 12 0 0 12 -4 0 8.49 -4 -8.49 8.49 0 -8.49
5 24 12 -4 0 12 0 0 8.49 -4 -8.49 8.49 -4 8.49
4 16 9 0 0 6.36 0 -6.36 6.36 -4 -6.36 9 -4 0
5 24 9 -4 0 9 0 0 6.36 -4 -6.36 6.36 -4 6.36
2 24 8.49 0 -8.49 0 0 -12
2 24 8.49 -4 -8.49 0 -4 -12
2 24 6.36 0 -6.36 0 0 -9
2 24 6.36 -4 -6.36 0 -4 -9
4 16 6.36 -4 -6.36 0 -4 -9 0 -4 -12 8.49 -4 -8.49
4 16 8.49 0 -8.49 8.49 -4 -8.49 0 -4 -12 0 0 -12
5 24 8.49 -4 -8.49 8.49 0 -8.49 0 -4 -12 12 -4 0
4 16 6.36 0 -6.36 0 0 -9 0 -4 -9 6.36 -4 -6.36
5 24 6.36 -4 -6.36 6.36 0 -6.36 0 -4 -9 9 -4 0
2 24 0 0 -12 -8.49 0 -8.49
2 24 0 -4 -12 -8.49 -4 -8.49
2 24 0 0 -9 -6.36 0 -6.36
2 24 0 -4 -9 -6.36 -4 -6.36
4 16 0 -4 -9 -6.36 -4 -6.36 -8.49 -4 -8.49 0 -4 -12
4 16 0 0 -12 0 -4 -12 -8.49 -4 -8.49 -8.49 0 -8.49
5 24 0 -4 -12 0 0 -12 -8.49 -4 -8.49 8.49 -4 -8.49
4 16 0 0 -9 -6.36 0 -6.36 -6.36 -4 -6.36 0 -4 -9
5 24 0 -4 -9 0 0 -9 -6.36 -4 -6.36 6.36 -4 -6.36
2 24 -8.49 0 -8.49 -12 0 0
2 24 -8.49 -4 -8.49 -12 -4 0
2 24 -6.36 0 -6.36 -9 0 0
2 24 -6.36 -4 -6.36 -9 -4 0
4 16 -6.36 -4 -6.36 -9 -4 0 -12 -4 0 -8.49 -4 -8.49
4 16 -8.49 0 -8.49 -8.49 -4 -8.49 -12 -4 0 -12 0 0
5 24 -8.49 -4 -8.49 -8.49 0 -8.49 -12 -4 0 0 -4 -12
4 16 -6.36 0 -6.36 -9 0 0 -9 -4 0 -6.36 -4 -6.36
5 24 -6.36 -4 -6.36 -6.36 0 -6.36 -9 -4 0 0 -4 -9
2 24 -12 0 0 -8.49 0 8.49
2 24 -12 -4 0 -8.49 -4 8.49
2 24 -9 0 0 -6.36 0 6.36
2 24 -9 -4 0 -6.36 -4 6.36
4 16 -9 -4 0 -6.36 -4 6.36 -8.49 -4 8.49 -12 -4 0
4 16 -12 0 0 -12 -4 0 -8.49 -4 8.49 -8.49 0 8.49
5 24 -12 -4 0 -12 0 0 -8.49 -4 8.49 -8.49 -4 -8.49
4 16 -9 0 0 -6.36 0 6.36 -6.36 -4 6.36 -9 -4 0
5 24 -9 -4 0 -9 0 0 -6.36 -4 6.36 -6.36 -4 -6.36
2 24 -8.49 0 8.49 0 0 12
2 24 -8.49 -4 8.49 0 -4 12
2 24 -6.36 0 6.36 0 0 9
2 24 -6.36 -4 6.36 0 -4 9
4 16 -6.36 -4 6.36 0 -4 9 0 -4 12 -8.49 -4 8.49
4 16 -8.49 0 8.49 -8.49 -4 8.49 0 -4 12 0 0 12
5 24 -8.49 -4 8.49 -8.49 0 8.49 0 -4 12 -12 -4 0
4 16 -6.36 0 6.36 0 0 9 0 -4 9 -6.36 -4 6.36
5 24 -6.36 -4 6.36 -6.36 0 6.36 0 -4 9 -9 -4 0
2 24 0 0 12 8.49 0 8.49
2 24 0 -4 12 8.49 -4 8.49
2 24 0 0 9 6.36 0 6.36
2 24 0 -4 9 6.36 -4 6.36
4 16 0 -4 9 6.36 -4 6.36 8.49 -4 8.49 0 -4 12
4 16 0 0 12 0 -4 12 8.49 -4 8.49 8.49 0 8.49
5 24 0 -4 12 0 0 12 8.49 -4 8.49 -8.49 -4 8.49
4 16 0 0 9 6.36 0 6.36 6.36 -4 6.36 0 -4 9
5 24 0 -4 9 0 0 9 6.36 -4 6.36 -6.36 -4 6.36
2 24 8.49 0 8.49 12 0 0
2 24 8.49 -4 8.49 12 -4 0
2 24 6.36 0 6.36 9 0 0
2 24 6.36 -4 6.36 9 -4 0
4 16 6.36 -4 6.36 9 -4 0 12 -4 0 8.49 -4 8.49
4 16 8.49 0 8.49 8.49 -4 8.49 12 -4 0 12 0 0
5 24 8.49 -4 8.49 8.49 0 8.49 12 -4 0 0 -4 12
4 16 6.36 0 6.36 9 0 0 9 -4 0 6.36 -4 6.36
5 24 6.36 -4 6.36 6.36 0 6.36 9 -4 0 0 -4 9
