0 Stud Open (Fast-Draw)
0 Name: 8\stud2.dat
0 Author: James Jessiman
0 !LDRAW_ORG 8_Primitive UPDATE 2013-02
0 !LICENSE Redistributable under CCAL version 2.0 : see CAreadme.txt

0 BFC CERTIFY CCW

0 !HISTORY 2002-04-04 [sbliss] Modified for BFC compliance; compacted code
0 !HISTORY 2002-04-25 [PTadmin] Official Update 2002-02
0 !HISTORY 2007-06-24 [PTadmin] Header formatted for Contributor Agreement
0 !HISTORY 2008-07-01 [PTadmin] Official Update 2008-01
0 !HISTORY 2012-02-16 [Philo] Changed to CCW
0 !HISTORY 2012-03-30 [PTadmin] Official Update 2012-01
0 !HISTORY 2013-12-23 [PTadmin] Official Update 2013-02

2 24 6 0 0 4.2 0 -4.2
2 24 6 -4 0 4.2 -4 -4.2
2 24 4 0 0 2.8 0 -2.8
2 24 4 -4 0 2.8 -4 -2.8
4 16 4 -4 0 2.8 -4 -2.8 4.2 -4 -4.2 6 -4 0
4 16 6 0 0 6 -4 0 4.2 -4 -4.2 4.2 0 -4.2
5 24 6 -4 0 6 0 0 4.2 -4 -4.2 4.2 -4 4.2
4 16 4 0 0 2.8 0 -2.8 2.8 -4 -2.8 4 -4 0
5 24 4 -4 0 4 0 0 2.8 -4 -2.8 2.8 -4 2.8
2 24 4.2 0 -4.2 0 0 -6
2 24 4.2 -4 -4.2 0 -4 -6
2 24 2.8 0 -2.8 0 0 -4
2 24 2.8 -4 -2.8 0 -4 -4
4 16 2.8 -4 -2.8 0 -4 -4 0 -4 -6 4.2 -4 -4.2
4 16 4.2 0 -4.2 4.2 -4 -4.2 0 -4 -6 0 0 -6
5 24 4.2 -4 -4.2 4.2 0 -4.2 0 -4 -6 6 -4 0
4 16 2.8 0 -2.8 0 0 -4 0 -4 -4 2.8 -4 -2.8
5 24 2.8 -4 -2.8 2.8 0 -2.8 0 -4 -4 4 -4 0
2 24 0 0 -6 -4.2 0 -4.2
2 24 0 -4 -6 -4.2 -4 -4.2
2 24 0 0 -4 -2.8 0 -2.8
2 24 0 -4 -4 -2.8 -4 -2.8
4 16 0 -4 -4 -2.8 -4 -2.8 -4.2 -4 -4.2 0 -4 -6
4 16 0 0 -6 0 -4 -6 -4.2 -4 -4.2 -4.2 0 -4.2
5 24 0 -4 -6 0 0 -6 -4.2 -4 -4.2 4.2 -4 -4.2
4 16 0 0 -4 -2.8 0 -2.8 -2.8 -4 -2.8 0 -4 -4
5 24 0 -4 -4 0 0 -4 -2.8 -4 -2.8 2.8 -4 -2.8
2 24 -4.2 0 -4.2 -6 0 0
2 24 -4.2 -4 -4.2 -6 -4 0
2 24 -2.8 0 -2.8 -4 0 0
2 24 -2.8 -4 -2.8 -4 -4 0
4 16 -2.8 -4 -2.8 -4 -4 0 -6 -4 0 -4.2 -4 -4.2
4 16 -4.2 0 -4.2 -4.2 -4 -4.2 -6 -4 0 -6 0 0
5 24 -4.2 -4 -4.2 -4.2 0 -4.2 -6 -4 0 0 -4 -6
4 16 -2.8 0 -2.8 -4 0 0 -4 -4 0 -2.8 -4 -2.8
5 24 -2.8 -4 -2.8 -2.8 0 -2.8 -4 -4 0 0 -4 -4
2 24 -6 0 0 -4.2 0 4.2
2 24 -6 -4 0 -4.2 -4 4.2
2 24 -4 0 0 -2.8 0 2.8
2 24 -4 -4 0 -2.8 -4 2.8
4 16 -4 -4 0 -2.8 -4 2.8 -4.2 -4 4.2 -6 -4 0
4 16 -6 0 0 -6 -4 0 -4.2 -4 4.2 -4.2 0 4.2
5 24 -6 -4 0 -6 0 0 -4.2 -4 4.2 -4.2 -4 -4.2
4 16 -4 0 0 -2.8 0 2.8 -2.8 -4 2.8 -4 -4 0
5 24 -4 -4 0 -4 0 0 -2.8 -4 2.8 -2.8 -4 -2.8
2 24 -4.2 0 4.2 0 0 6
2 24 -4.2 -4 4.2 0 -4 6
2 24 -2.8 0 2.8 0 0 4
2 24 -2.8 -4 2.8 0 -4 4
4 16 -2.8 -4 2.8 0 -4 4 0 -4 6 -4.2 -4 4.2
4 16 -4.2 0 4.2 -4.2 -4 4.2 0 -4 6 0 0 6
5 24 -4.2 -4 4.2 -4.2 0 4.2 0 -4 6 -6 -4 0
4 16 -2.8 0 2.8 0 0 4 0 -4 4 -2.8 -4 2.8
5 24 -2.8 -4 2.8 -2.8 0 2.8 0 -4 4 -4 -4 0
2 24 0 0 6 4.2 0 4.2
2 24 0 -4 6 4.2 -4 4.2
2 24 0 0 4 2.8 0 2.8
2 24 0 -4 4 2.8 -4 2.8
4 16 0 -4 4 2.8 -4 2.8 4.2 -4 4.2 0 -4 6
4 16 0 0 6 0 -4 6 4.2 -4 4.2 4.2 0 4.2
5 24 0 -4 6 0 0 6 4.2 -4 4.2 -4.2 -4 4.2
4 16 0 0 4 2.8 0 2.8 2.8 -4 2.8 0 -4 4
5 24 0 -4 4 0 0 4 2.8 -4 2.8 -2.8 -4 2.8
2 24 4.2 0 4.2 6 0 0
2 24 4.2 -4 4.2 6 -4 0
2 24 2.8 0 2.8 4 0 0
2 24 2.8 -4 2.8 4 -4 0
4 16 2.8 -4 2.8 4 -4 0 6 -4 0 4.2 -4 4.2
4 16 4.2 0 4.2 4.2 -4 4.2 6 -4 0 6 0 0
5 24 4.2 -4 4.2 4.2 0 4.2 6 -4 0 0 -4 6
4 16 2.8 0 2.8 4 0 0 4 -4 0 2.8 -4 2.8
5 24 2.8 -4 2.8 2.8 0 2.8 4 -4 0 0 -4 4
